(array([61.79275513,  4.48931885]), array([ 0.31248537, -0.94992257]), [array([], dtype=float64), array([[  2.06137085,  12.06208801],
       [  2.24887085,  15.12458801],
       [  1.62387085,   3.81208801],
       [  2.81137085,  18.49958801],
       [  1.99887085,   9.62458801],
       [  3.12387085,  21.93708801],
       [  3.56137085,  25.37458801],
       [  4.81137085,  29.24958801],
       [  7.37387085,  31.87458801],
       [ 10.91782737,  32.70692137],
       [ 21.24887085,  17.49958801],
       [ 21.88205023,  14.49969913],
       [ 20.13978407,  20.73465422],
       [ 20.87387085,  11.56208801],
       [ 13.27945776,  -1.18799202],
       [ 13.49887085,   2.87458801],
       [ 13.68637085,  -5.18791199],
       [ 15.62387085,   6.24958801],
       [ 14.93637085,  -9.06291199],
       [  1.56137085,   1.24958801],
       [  1.93637085,  -3.87541199],
       [  1.62387085,  -1.18791199],
       [  2.06137085,  -6.37541199],
       [  2.31137085,  -8.56291199],
       [  2.49887085, -11.06291199],
       [  5.74887085, -15.93791199],
       [  3.87387085, -13.75041199],
       [  7.79602003, -18.25412618],
       [ 18.12240577, -11.93988324],
       [ 13.24887085, -21.00041199],
       [ 10.99887085, -20.12541199],
       [ 15.80460385, -21.97817225],
       [ 18.32498379, -22.93943094],
       [ 21.31137085, -23.68791199],
       [ 22.56137085, -11.62541199],
       [ 23.99887085, -23.68791199],
       [ 31.01833882, -14.50683651],
       [ 25.50024074, -11.30408382],
       [ 26.20324624, -23.5651567 ],
       [ 28.48064949, -12.72104842],
       [ 35.43637085, -14.06291199],
       [ 29.56137085, -23.12541199],
       [ 32.58648595, -22.91148373],
       [ 39.12387085, -12.62541199],
       [ 35.24887085, -21.93791199],
       [ 37.68637085, -21.06291199],
       [ 42.18637085, -10.06291199],
       [ 41.49887085, -20.68791199],
       [ 44.49887085,  -6.06291199],
       [ 44.87387085, -19.43791199],
       [ 47.99887085, -17.06291199],
       [ 49.93637085, -15.37541199],
       [ 52.31794926, -14.45441502],
       [ 55.18637085, -12.81291199],
       [ 45.37387085,  -2.62541199],
       [ 56.93637085, -11.06291199],
       [ 58.12387085,  -8.12541199],
       [ 45.24887085,   0.93708801],
       [ 44.93637085,   4.49958801],
       [ 45.99887085,   7.31208801],
       [ 48.56137085,   8.93708801],
       [ 51.18637085,   9.74958801],
       [ 54.99887085,   9.49958801],
       [ 60.87387085,  -0.50041199]]), array([[-6.88629150e-01,  1.24995880e+01],
       [-6.26129150e-01,  1.49995880e+01],
       [-3.13629150e-01,  1.91245880e+01],
       [-1.50112915e+00,  4.18708801e+00],
       [-9.38629150e-01,  9.37458801e+00],
       [ 2.46511048e-01,  2.23837781e+01],
       [ 7.48870850e-01,  2.61245880e+01],
       [ 1.12387085e+00,  3.02495880e+01],
       [ 2.81137085e+00,  3.37495880e+01],
       [ 4.97900211e+00,  3.51411907e+01],
       [ 8.56137085e+00,  3.59995880e+01],
       [ 1.26863708e+01,  3.62495880e+01],
       [ 1.48826460e+01,  3.51903367e+01],
       [ 1.71238708e+01,  3.37495880e+01],
       [ 1.96238708e+01,  3.18745880e+01],
       [ 2.12488708e+01,  2.89995880e+01],
       [ 2.28113708e+01,  2.58120880e+01],
       [ 2.38113708e+01,  2.29995880e+01],
       [ 2.44363708e+01,  1.97495880e+01],
       [ 2.48738708e+01,  1.69370880e+01],
       [ 2.49548503e+01,  1.33391121e+01],
       [ 2.41863708e+01,  1.00620880e+01],
       [ 2.18113708e+01,  7.31208801e+00],
       [ 1.96435808e+01,  5.92485435e+00],
       [ 1.77488708e+01,  3.62458801e+00],
       [ 1.64988708e+01, -4.11987305e-04],
       [ 1.70621085e+01, -3.70204451e+00],
       [ 2.42488708e+01, -7.50041199e+00],
       [ 2.12796364e+01, -7.71970364e+00],
       [ 1.83951273e+01, -6.94163639e+00],
       [-1.37612915e+00, -3.81291199e+00],
       [-1.43862915e+00, -6.18791199e+00],
       [ 1.53113708e+01, -2.58754120e+01],
       [ 1.86574994e+01, -2.67720805e+01],
       [ 3.23113708e+01, -1.12504120e+01],
       [ 3.54363708e+01, -1.07504120e+01],
       [ 2.92854879e+01, -8.92551512e+00],
       [ 3.74007547e+01, -9.66625447e+00],
       [ 3.93738708e+01, -7.68791199e+00],
       [ 2.69988708e+01, -7.87541199e+00],
       [ 4.06238708e+01, -5.81291199e+00],
       [ 3.88738708e+01, -2.40004120e+01],
       [ 4.29988708e+01, -2.29379120e+01],
       [ 4.61863708e+01, -2.22504120e+01],
       [ 4.91863708e+01, -2.06254120e+01],
       [ 5.21863708e+01, -1.81879120e+01],
       [ 5.49988708e+01, -1.71879120e+01],
       [ 4.36863708e+01,  1.11870880e+01],
       [ 4.18738708e+01,  8.18708801e+00],
       [ 4.15613708e+01,  1.06208801e+00],
       [ 4.11863708e+01,  4.31208801e+00],
       [ 4.60613708e+01,  1.31245880e+01],
       [ 4.86863708e+01,  1.39370880e+01],
       [ 5.21863708e+01,  1.41245880e+01],
       [ 5.56863708e+01,  1.35620880e+01],
       [ 5.91238708e+01,  1.19370880e+01],
       [ 6.15613708e+01,  1.03120880e+01],
       [ 6.40613708e+01,  6.31208801e+00],
       [ 6.54363708e+01,  2.62458801e+00],
       [ 6.41238708e+01, -1.06291199e+00],
       [ 6.27488708e+01, -4.75041199e+00],
       [ 6.19363708e+01, -7.18791199e+00],
       [ 6.09363708e+01, -9.00041199e+00],
       [ 5.99988708e+01, -1.18129120e+01]]), array([], dtype=float64), array([[ 1.87387085,  6.18708801],
       [-1.18862915,  6.37458801],
       [ 1.74887085,  5.62458801],
       [-1.25112915,  5.93708801]])])
